Col.	Type	Y	X	Elev.	Bush Dist.	Nest Dmtr.	H20 %	%N	%C	%Sand	%Silt	Weight	Leaf Litter	veg Biomass (g)	Prop veg	Prop rocks	Depth (cm)	AVG Bdy Wt
1	0	0.875	0.713	1384	3.70	1.00	2.523294037	0.18	2.57	78.66666667	40	55.965	1.59988	1.808	0.78518672	0.065084295	29	5.054
13	0	0.869	0.655	1376	2.70	0.65	3.199038836	0.17	2.16	66.66666667	49.33333333	100.886	1.72093	87.206	0.797843876	0.043818781	30	4.434
14	0	0.856	0.665	1373	0.85	0.70	3.353302867	0.11	1.62	88	22	62.423	0.02734	16.150	0.302449606	0.091414407	30	4.694
15	0	0.861	0.664	1372	2.20	0.55	3.51724307	0.17	2.47	79.33333333	48	60.485	2.3168	41.340	0.615283361	0.042288628	30	3.836
16	0	0.873	0.64	1372	1.60	0.70	2.894357803	0.15	1.91	85.33333333	29.33333333	86.105	0.67313	13.930	0.254379805	0.070186656	30	3.828
17	0	0.88	0.65	1376	0.60	1.00	3.790615127	0.17	2.01	81.33333333	36	65.029	0.93034	28.467	0.344286262	0.102272723	30	4.248
18	0	0.882	0.657	1376	3.30	0.90	3.004795684	0.11	1.32	82.66666667	33.33333333	91.258	0.32251	56.599	0.694533198	0.034645379	30	4.686
20	0	0.875	0.679	1380	2.90	0.70	2.479519248	0.16	2.47	69.33333333	46.66666667	101.948	0.70666	36.293	0.000325272	0.233176695	30	4.558
31	0	0.889	0.603	1370	1.00	0.95	3.489314986	0.26	2.96	85.33333333	36	97.302	2.42748	39.561	0.327956582	0.05788913	30	4.57
32	0	0.895	0.645	1377	1.40	1.00	3.109444461	0.13	1.51	67.33333333	49.33333333	104.42	0.99237	53.221	0.297982678	0.08256821	30	4.65
33	0	0.893	0.606	1373	1.80	0.80	2.548396854	0.14	1.59	75.33333333	40.66666667	72.294	2.17627	20.374	0.563052477	0.009799368	30	5.15
36	0	0.898	0.591	1372	1.60	1.00	2.688465351	0.13	2.34	88	34.66666667	105.895	1.15391	67.302	0.464984538	0.030973512	30	5.65
37	0	0.891	0.583	1371	1.20	1.20	4.572986069	0.12	1.35	88	25.33333333	66.402	1.33386	28.038	0.286241292	0.108238248	30	4.24
41	0	0.911	0.588	1374	3.20	0.45	3.122678684	0.15	1.80	79.33333333	36	72.351	0.89476	48.882	0.36591714	0.036419819	30	4.34
53	0	0.886	0.615	1371	0.70	0.60	3.743103712	0.16	1.88	82.66666667	44	82.407	1.01816	25.636	0.023185528	0.059413104	30	5.16
55	0	0.895	0.616	1373	3.00	0.50	3.404864305	0.14	1.65	80.66666667	27.33333333	82.696	1.57806	52.587	0.500913251	0.075653351	30	4.12
57	0	0.882	0.648	1375	1.10	0.45	3.316322757	0.15	1.75	78	32	70.947	0.33183	38.765	0.76076847	0.023760267	30	4.06
62	0	0.868	0.679	1378	1.30	0.60	2.52771217	0.20	3.08	86	40.66666667	92.339	1.41623	46.089	0.355794982	0.034553436	30	4.63
63	0	0.925	0.665	1386	3.90	0.50	3.655457328	0.19	2.56	82	39.33333333	95.936	0.64841	45.663	0.358455464	0.096863613	30	4.24
80	0	0.944	0.577	1373	5.00	0.85	3.688582811	0.11	1.28	64.66666667	56	84.125	2.03059	32.582	0.219271058	0.111147751	30	3.97
82	0	0.92	0.573	1378	1.20	0.60	3.872077918	0.08	3.02	68.66666667	46.66666667	53.582	0.55289	61.111	0.435533565	0.019215495	30	4.55
84	0	0.921	0.562	1373	3.20	0.55	3.207016403	0.12	2.52	71.33333333	48	79.082	0.81699	48.267	0.249658563	0.061034133	30	3.78
100	0	0.968	0.631	1384	7.10	0.80	3.079764358	0.17	2.05	72.66666667	42	69.064	0.68085	81.251	0.513275309	0.07293854	30	4.46
106	0	0.869	0.603	1368	1.10	0.95	4.002901945	0.26	2.94	51.33333333	57.33333333	35.33	2.55095	17.265	0.264708287	0.004284462	30	4.43
111	0	0.871	0.625	1372	1.50	1.05	2.317953353	0.14	1.64	71.33333333	45.33333333	73.908	1.14583	17.501	0.125071266	0.170935261	30	5.19
119	0	0.88	0.553	1367	1.40	1.40	6.480564798	0.24	2.53	78.66666667	42.66666667	7.156	1.63215	13.116	0.056735578	0.023702914	30	4.96
121	0	0.88	0.568	1368	1.45	1.90	5.550953703	0.13	1.27	66.66666667	50	18.81	0.25886	5.521	0.021608049	0.047112018	30	5.40
129	0	0.853	0.633	1367	1.65	1.95	2.384973581	0.12	5.68	77.33333333	51.33333333	107.858	1.20933	41.538	0.349482077	0.005589064	30	5.66
133	0	0.847	0.645	1367	2.20	0.90	3.329981587	0.21	3.11	84.66666667	42.66666667	59.372	0.44109	106.439	0.468674042	0.009927183	30	4.42
4	1	0.9	0.704	1391	4.70	0.90	3.540542984	0.16	1.98	72.66666667	43.33333333	42.369	1.27231	442.402	0.623180171	0.142619614	19	4.298
6	1	0.919	0.726	1399	1.60	1.20	3.562955614	0.27	3.23	86	35.33333333	49.138	1.99438	64.525	0.422466127	0.164975864	30	4.654
7	1	0.912	0.691	1389	4.00	1.00	1.857338261	0.33	3.60	79.33333333	38.66666667	101.091	1.59458	58.460	0.224559223	0.166728848	26	4.52
8	1	0.903	0.692	1388	3.00	1.10	4.467605634	0.27	3.09	80.66666667	39.33333333	45.128	0.89993	15.103	0.286621971	0.528468895	28	4.484
9	1	0.892	0.683	1384	3.90	0.70	4.599413545	0.23	2.71	68.66666667	50.66666667	38.726	1.94389	28.311	0.709878582	0.071410072	30	4.75
10	1	0.899	0.682	1384	1.70	0.70	2.306376347	0.22	2.51	96	29.33333333	51.901	2.18676	52.533	0.204412862	0.13949877	20	4.086
19	1	0.88	0.666	1377	2.60	0.65	2.888921518	0.20	2.40	84.66666667	34.33333333	72.211	2.41141	68.002	0.788259928	0.017522379	30	4.17
21	1	0.892	0.662	1376	4.00	1.10	2.249721466	0.16	1.90	82.66666667	38.66666667	101.072	1.10792	54.850	0.565134702	0.089858082	27	3.26
24	1	0.932	0.651	1384	6.90	1.35	3.794724388	0.20	2.23	67.33333333	36	68.201	0.47113	67.034	0.66489206	0.045598328	30	3.96
25	1	0.933	0.68	1392	2.00	0.90	3.419684337	0.26	2.82	78.66666667	38	80.341	0.22677	82.218	0.239539571	0.032467004	25	5.48
56	1	0.912	0.63	1379	1.60	0.75	4.512955012	0.16	1.79	68.66666667	42	62.006	0.72074	39.745	0.811416356	0.021488743	30	4.00
59	1	0.895	0.728	1393	2.60	0.26	4.058638613	0.15	2.02	74	49.33333333	31.188	1.18387	90.556	0.319952229	0.030383432	30	3.92
60	1	0.896	0.72	1389	2.50	0.50	2.913478517	0.16	1.97	83.33333333	34.66666667	66.937	0.83782	39.958	0.38866572	0.018044294	16	3.60
69	1	0.93	0.587	1372	3.90	1.00	3.890127013	0.13	1.43	68.66666667	37.33333333	72.303	1.26215	90.493	0.454036219	0.004666403	30	4.16
70	1	0.963	0.62	1380	5.40	0.60	3.142095666	0.11	1.86	76.66666667	43.33333333	104.89	0.75538	7.429	0.124711596	0.099298329	30	3.88
74	1	0.957	0.595	1377	2.10	0.50	5.14686233	0.14	1.61	80.66666667	38.66666667	57.547	0.07721	53.375	0.534234988	0.024583496	30	4.32
78	1	0.953	0.577	1376	1.90	1.10	3.907684623	0.14	1.58	64.66666667	48	50.729	1.27833	53.728	0.589100665	0.055448362	30	3.83
94	1	0.993	0.592	1384	2.00	0.90	4.763588237	0.22	3.39	88	31.33333333	45.648	1.20237	38.875	0.266331287	0.068271746	30	3.62
98	1	0.993	0.611	1385	1.40	1.15	7.19488039	0.21	2.22	81.33333333	40	45.871	1.3262	75.415	0.205370526	0.045409435	30	3.36
