Col.	Y	X	Type	Elev.	Bush Dist.	H2O %	%N	%C	%Sand	%Silt	%clay	PebblesWt	LeafLitter	vegBiomass	Propveg	Proprocks	Depth
3	23.949	39.79	1	1315	2.56	4.859268369	0.086454868	0.84736377	65.33333333	30.66666667	4	26.577	0.4605	7.326	0.035593872	12.53442015	30
6	23.922	39.798	1	1321	1.96	10.49171668	0.090008713	0.965635777	47.68211921	39.07284768	13.24503311	56.919	0.76272	15.6805	21.99567576	4.029689436	30
7	23.922	39.807	1	1321	3.83	4.950027935	0.097871892	0.994343221	54	47.33333333	-1.333333333	14.168	1.37722	9.813	5.930495863	6.885380531	30
10	23.915	39.81	1	1319	5.97	13.21071687	0.067275479	0.648643434	41.7218543	38.41059603	19.86754967	66.764	0.12071	11.67	2.874179299	16.83427684	30
11	23.929	39.807	1	1322	2.36	17.30127877	0.064787455	0.683938682	22	13.33333333	64.66666667	27.516	0.21371	14.421	34.96738776	10.47422716	30
12	23.931	39.821	1	1322	2.52	10.75058427	0.101905376	1.080346346	41.83006536	50.98039216	7.189542484	29.309	0.46572	18.739	17.09182034	5.188320463	30
15	23.957	39.825	1	1313	1.99	7.166934019	0.064333946	0.773690164	50.66666667	46	3.333333333	45.454	0.6404	7.6385	0.491392525	11.0490161	30
16	23.949	39.834	1	1316	1.06	18.71448002	0.250198126	2.726035118	38.66666667	28	33.33333333	13.237	4.29264	39.623	41.29973613	12.5239403	30
17	23.934	39.817	1	1319	3.16	11.83415201	0.105776444	1.075986505	39.07284768	43.70860927	17.21854305	17.915	0.50677	38.168	7.239943579	17.35635321	30
21	23.937	39.857	1	1320	1.47	21.682091	0.124630772	1.33342433	38.15789474	30.26315789	31.57894737	19.888	0.32062	14.635	18.43155569	28.85974517	30
23	23.920	39.846	1	1321	2.03	11.93841348	0.076109207	0.770359271	34.45945946	49.32432432	16.21621622	20.153	0.46638	13.065	10.54525595	7.829247012	30
25	23.921	39.839	1	1321	1.6	114.8848033	0.0505	0.58	33.9869281	33.33333333	32.67973856	42.318	0.04466	11.535	14.77872899	6.464624377	30
29	23.916	39.852	1	1324	2.66	15.54765278	0.119344458	1.126426101	47.65100671	44.96644295	7.382550336	23.798	0.72357	12.859	11.85827229	2.778091777	30
30	23.940	39.87	1	1323	2.05	22.85893386	0.102469821	1.129154444	31.33333333	56.66666667	12	57.292	0.23995	64.803	58.70406808	7.408405708	30
33	23.911	39.877	1	1322	1.53	6.26590309	0.048912663	0.516635001	84.375	12.5	3.125	80.786	0.10631	10.522	11.07077108	5.705827664	30
39	23.917	39.824	1	1320	0.7	13.25941888	0.071118005	0.799021184	42.85714286	50	7.142857143	29.381	0.63691	37.132	1.072452212	23.68853674	30
41	23.920	39.817	1	1319	1.91	12.91971756	0.08581493	1.007078409	44	39.33333333	16.66666667	26.124	0.42127	12.88	3.795521156	29.00361015	30
42	23.904	39.806	1	1322	0.43	6.748069259	0.060615323	0.603600442	54.24836601	41.17647059	4.575163399	27.127	0.55831	12.994	3.871130219	6.114918354	30
46	23.898	39.816	1	1322	1.72	11.88362585	0.036779609	0.356449962	40.66666667	51.33333333	8	19.776	0.544	11.02	2.786320439	8.034531353	30
47	23.900	39.822	1	1320	0.92	9.741488459	0.030324994	0.346450984	50.33557047	38.25503356	11.40939597	28.061	0.0852	10.065	4.230465621	4.621501586	30
48	23.908	39.827	1	1320	2.58	7.885873279	0.02596893	0.311317325	50.66666667	49.33333333	0	69.565	0.51418	31.086	17.64394856	8.503508853	30
53	23.904	39.878	1	1322	3.94	20.79837435	0.0895	0.986	24.16107383	40.26845638	35.5704698	52.181	0.2084	33.727	4.979704638	26.14393514	30
59	23.893	39.835	1	1322	1.42	7.343508073	0.039576024	0.391250521	59.73154362	32.2147651	8.053691275	21.402	0.03812	7.7095	9.531386312	5.822579725	30
60	23.894	39.806	1	1319	1.35	18.64765626	0.040786963	0.526997805	27.51677852	40.93959732	31.54362416	17.024	1.54343	12.6285	14.37273678	13.66765628	30
61	23.891	39.798	1	1319	2.56	19.02363253	0.089957889	0.98439917	30.6122449	55.10204082	14.28571429	17.167	0.38585	11.524	8.969227525	2.384391663	30
63	23.882	39.815	1	1320	1.29	17.63422658	0.054438167	0.653482464	46.35761589	43.70860927	9.933774834	49.851	0.28031	10.105	17.62390557	8.539966535	30
100	23.889	39.812	1	1323	2.46	6.676064988	0.041606475	0.418105841	62.98701299	32.46753247	4.545454545	20.823	1.12749	10.775	13.18402103	2.357151538	30
1	23.925	39.786	0	1320	2.82	9.430523918	0.081078477	0.780182123	37.08609272	45.69536424	17.21854305	44.174	0.28797	10.914	8.806187957	10.39423208	30
4	23.938	39.807	0	1320	2.02	16.96776379	0.09924911	1.241318226	42.66666667	45.33333333	12	51.918	0.09428	47.175	50.503478	21.14143169	30
19	23.928	39.835	0	1316	2.14	13.96586659	0.09485665	1.043886781	42.94478528	52.7607362	4.294478528	59.727	0.24457	94.556	19.18074743	6.958661345	30
36	23.913	39.839	0	1322	1.64	8.943300346	0.07797049	0.791504711	37.25490196	56.20915033	6.535947712	43.035	0.20082	9.0665	8.220044138	21.25026288	30
37	23.914	39.83	0	1321	2.27	18.50640793	0.388776273	4.054459095	48	39.33333333	12.66666667	7.442	4.6645	8.3665	1.247548894	7.067951266	30
40	23.913	39.822	0	1319	3.6	15.10284698	0.060549051	0.609095573	27.45098039	57.51633987	15.03267974	23.982	0.13722	8.7715	3.092931074	20.4398503	30
43	23.899	39.794	0	1320	4.47	4.800835856	0.05807656	0.530928373	51.28205128	33.33333333	15.38461538	72.697	0.02138	11.5365	10.47490365	7.957320542	30
45	23.909	39.79	0	1319	2.99	10.60270737	0.084430292	1.061788082	22.81879195	40.26845638	36.91275168	25.032	1.28801	14.8575	16.54131232	1.300641617	30
51	23.898	39.86	0	1322	2.45	9.821595367	0.080381453	0.880589783	41.33333333	44.66666667	14	44.009	0.5973	15.0605	7.056230219	20.22914837	30
55	23.888	39.856	0	1324	1.82	8.886906689	0.039209489	0.527327657	52.31788079	42.38410596	5.298013245	40.171	0.57752	11.236	8.643176517	10.84596667	30
57	23.884	39.844	0	1320	3.27	9.05948223	0.039	0.4705	77.07006369	15.2866242	7.643312102	62.337	0.33137	12.4565	8.805589919	8.681076207	30
58	23.885	39.838	0	1320	4.23	5.215047684	0.090675876	1.044815183	64.70588235	37.90849673	-2.614379085	24.027	1.017	14.329	16.89540101	1.936085926	30
62	23.885	39.808	0	1321	2.03	9.41629035	0.062520765	0.634394288	42.66666667	36.66666667	20.66666667	19.283	1.81553	9.3875	4.014631626	2.759978779	30
64	23.881	39.837	0	1322	3.61	10.83623693	0.046312571	0.49273327	57.33333333	41.33333333	1.333333333	45.588	0.21131	10.1545	3.815509381	2.933961853	30
66	23.872	39.823	0	1326	1.55	14.79348016	0.085711628	0.915257692	45.75163399	48.36601307	5.882352941	50.263	1.48149	18.028	25.41127925	2.87942741	30
68	23.881	39.86	0	1330	1.62	7.64235628	0.074567378	0.823354363	52.2875817	39.21568627	8.496732026	19.864	2.64722	9.1135	6.426526324	7.521943307	30
72	23.915	39.895	0	1328	3.9	10.55356488	0.035847619	0.481062561	43.62416107	36.24161074	20.13422819	26.631	0.06249	19.621	23.54968554	1.714411893	30
80	23.855	39.878	0	1330	1.7	15.07283395	0.099862531	1.17078352	45.27027027	43.91891892	10.81081081	9.997	4.25645	17.2395	11.02766491	20.70375596	30
84	23.856	39.847	0	1328	1.4	9.315080387	0.053	0.576	66.88741722	39.73509934	-6.622516556	49.042	0.77889	14.7375	3.407782314	20.39504913	30
85	23.866	39.827	0	1326	2.53	10.88805242	0.060658649	0.744996786	50.33557047	43.62416107	6.040268456	23.004	1.24824	8.668	4.672709184	8.789414195	30
86	23.862	39.853	0	1329	3.13	8.720827034	0.058705993	0.662540317	50	38.81578947	11.18421053	27.626	0.17072	8.435	5.09066684	11.35098488	30
88	23.865	39.811	0	1336	3.2	13.02047004	0.053502437	0.613347769	38.96103896	48.05194805	12.98701299	33.123	1.69026	9.1435	5.014772889	4.338053063	30
89	23.855	39.805	0	1329	2.56	11.0375625	0.109764621	1.106116295	32.88590604	52.34899329	14.76510067	39.689	0.89747	14.4755	4.945204661	7.166586148	30
90	23.847	39.843	0	1331	1.08	11.26849701	0.054677486	0.584906459	49.34210526	51.97368421	-1.315789474	29.685	1.83422	9.1345	1.35442811	9.507616502	30
92	23.850	39.856	0	1329	1.96	9.784183135	0.055157673	0.57344383	42.56756757	42.56756757	14.86486486	15.913	0.93513	11.131	4.141133187	5.525539221	30
93	23.841	39.879	0	1332	3.23	11.8758151	0.078462087	0.87236166	54.66666667	34	11.33333333	15.612	0.98061	13.5945	8.277570472	11.72861978	30
95	23.855	39.898	0	1327	5.35	8.851282218	0.079356134	0.875599146	52.56410256	36.53846154	10.8974359	75.046	0.18692	8.903	0.728667191	16.74028332	30
97	23.860	39.898	0	1327	1.05	13.4762914	0.089776162	0.957046479	37.83783784	43.91891892	18.24324324	71.741	0.13433	12.7515	3.741883788	13.06930074	30
98	23.858	39.89	0	1326	1.41	9.376657024	0.057578202	0.612506449	47.77070064	40.76433121	11.46496815	51.955	0.14668	11.255	10.02972686	11.06430942	30
