		L18		Myrt3		P12-1		Pb7		Pb8		Pr1		Pb2		Pb4		Pb9		Po3		Po7		Po8	
CT7	2	157	168	175	175	-9	-9	149	157	286	290	390	390	300	311	179	245	356	358	172	176	246	249	245	245
CT8	2	157	161	177	177	-9	-9	149	156	278	288	401	401	286	286	274	280	354	356	172	183	240	249	245	245
CT9	2	157	157	175	175	-9	-9	150	156	278	278	401	401	306	321	247	272	350	358	161	168	240	246	236	245
CT10	1	157	163	175	175	-9	-9	144	144	276	282	433	433	310	310	179	232	328	332	150	174	243	249	228	254
CT11	1	157	163	175	177	314	314	142	148	271	282	390	390	296	331	179	232	327	338	150	166	249	249	233	254
CT12	1	157	163	175	175	-9	-9	142	148	276	288	-9	-9	-9	-9	179	244	327	337	168	168	249	249	233	233
CT13	1	157	163	175	175	-9	-9	142	148	271	284	-9	-9	313	313	179	241	316	316	161	168	249	252	228	254
CT14	1	157	163	175	175	311	311	144	144	271	288	390	390	-9	-9	179	246	327	354	161	170	246	252	228	228
CT15	1	157	163	175	175	311	311	144	145	271	282	-9	-9	300	337	179	241	337	342	161	174	249	249	233	254
CT16	1	163	163	175	175	277	281	144	153	269	276	-9	-9	331	337	246	250	342	344	172	174	243	252	254	254
CT17	1	-9	-9	-9	-9	-9	-9	142	144	-9	-9	390	390	312	312	179	244	316	329	161	161	249	249	233	254
CT18	1	157	163	175	175	281	311	144	145	276	284	-9	-9	285	285	179	246	318	340	150	168	246	246	233	254
CT19	1	157	163	175	175	281	281	144	144	271	284	390	414	306	306	179	241	326	358	168	168	249	249	233	254
CT20	1	157	163	175	175	293	308	142	144	276	286	389	426	304	304	179	241	316	342	170	170	249	249	233	254
CT21	1	-9	-9	-9	-9	-9	-9	148	148	-9	-9	-9	-9	-9	-9	-9	-9	326	326	154	162	252	255	254	254
CT22	1	157	163	175	175	302	314	142	161	276	284	395	414	274	310	179	242	318	344	161	161	249	249	233	233
CT23	1	157	163	175	175	302	302	144	144	276	282	395	395	306	349	179	241	318	344	150	170	249	249	228	254
CT24	2	157	157	175	175	-9	-9	148	148	280	290	389	401	299	300	295	295	340	340	168	172	249	249	236	245
CT25	1	157	163	175	175	302	302	142	155	276	282	395	395	296	349	179	229	318	344	162	168	251	252	252	252
CT26	2	157	157	175	175	-9	-9	152	154	278	290	389	401	302	302	179	289	346	346	170	187	261	261	236	245
CT27	2	157	157	175	175	311	311	149	150	282	282	389	389	308	310	263	274	356	358	180	184	246	246	245	245
CT28	2	156	157	175	175	299	314	148	157	278	282	401	401	304	304	280	288	-9	-9	160	184	246	258	245	245
CT29	2	157	161	177	177	311	317	148	156	284	292	401	401	302	308	276	293	340	340	168	170	249	249	245	249
CT30	2	157	157	175	177	296	296	148	157	278	284	401	401	304	315	247	253	344	352	174	180	246	249	245	249
CT31	2	157	157	175	175	-9	-9	148	150	278	278	389	401	320	320	255	280	342	342	184	188	243	246	245	245
CT32	2	157	158	175	175	314	335	149	149	278	282	389	401	302	302	255	274	334	348	170	176	249	249	245	245
CT33	1	157	163	175	175	281	281	144	144	271	284	395	408	304	304	179	248	316	350	156	161	249	249	233	233
CT34	1	157	163	175	175	302	308	142	144	276	282	395	426	311	351	179	210	336	363	150	174	249	249	233	254
CT35	1	157	163	175	175	293	302	142	144	276	284	395	408	-9	-9	179	229	332	344	150	168	252	252	228	228
CT36	1	157	163	175	175	293	293	144	150	271	284	395	426	306	306	179	246	318	342	161	170	252	252	233	254
CT37	1	157	163	175	175	293	314	144	148	269	288	390	414	343	343	179	232	338	354	174	174	249	249	233	254
CT38	1	157	163	175	175	296	308	142	161	269	282	389	426	311	311	179	241	318	342	168	168	249	249	228	254
CT39	2	157	157	177	177	311	330	156	156	278	282	414	414	302	317	253	261	350	356	174	184	240	240	245	245
CT40	2	157	157	175	175	299	335	152	156	278	286	389	389	308	312	259	272	337	337	168	174	246	273	236	245
CT41	2	157	157	175	177	314	329	148	148	278	278	401	401	308	308	289	289	342	360	170	183	240	261	245	249
CT42	2	157	157	175	177	311	311	148	148	278	288	389	389	302	304	286	297	343	343	183	184	249	258	245	245
CT44	2	-9	-9	-9	-9	-9	-9	148	148	278	278	401	401	302	304	257	295	343	346	159	170	246	249	236	245
CT45	2	157	168	177	177	314	335	148	154	278	282	388	388	302	302	270	278	356	356	176	180	240	258	245	245
CT46	2	157	157	175	175	311	314	156	156	278	284	389	432	302	315	304	314	334	350	172	172	240	249	-9	-9
CT47	2	156	157	175	175	311	329	149	150	278	278	389	401	302	308	247	247	349	354	172	178	243	258	245	245
CT48	2	157	157	175	177	299	311	156	172	274	278	432	432	302	306	265	288	346	346	161	172	249	261	245	245
CT49	2	157	158	175	175	299	314	148	148	273	276	389	389	306	310	245	288	348	348	160	180	240	255	245	245
CT50	2	157	157	175	177	311	311	149	149	286	290	389	401	300	300	278	286	356	356	170	178	246	258	236	245
CT51	2	157	163	175	175	293	302	142	144	269	288	389	414	292	292	179	241	327	331	161	174	255	255	233	254
CT52	2	157	157	177	177	314	317	154	167	278	284	389	389	300	304	282	288	352	354	176	180	261	261	245	245
CT53	2	157	157	175	175	311	314	148	156	278	290	389	401	304	304	179	179	333	333	166	166	249	249	245	245
CT54	2	157	157	175	177	-9	-9	148	156	278	282	-9	-9	302	302	245	288	350	350	158	160	249	258	245	245
CT55	2	157	157	175	175	-9	-9	154	157	282	286	389	401	304	320	245	290	344	352	174	180	258	261	233	236
CT56	2	157	157	175	177	-9	-9	156	178	280	284	401	401	300	300	257	259	350	352	166	168	249	258	245	245
CT57	2	157	157	175	175	-9	-9	148	148	280	282	389	389	300	302	257	286	343	343	161	180	246	246	245	245
CT58	2	157	157	175	177	314	314	148	150	278	290	395	401	306	306	255	288	333	352	178	180	246	246	245	245
CT59	2	157	157	175	175	314	317	147	149	273	286	401	401	308	315	265	304	356	362	-9	-9	-9	-9	-9	-9
CT60	2	157	168	175	177	-9	-9	148	148	284	284	389	389	300	302	251	294	336	349	174	176	246	249	245	245
CT61	2	157	157	175	175	-9	-9	149	150	278	288	401	401	302	302	245	286	348	348	184	187	249	249	233	245
CT62	1	157	163	175	175	-9	-9	142	144	269	282	389	396	308	308	179	244	327	338	150	150	243	249	228	254
CT63	2	157	168	175	177	-9	-9	148	154	274	282	401	401	302	304	257	270	352	352	161	184	246	252	236	245
CT64	2	157	157	175	175	-9	-9	148	148	276	278	401	401	304	304	257	280	-9	-9	160	187	240	249	233	245
CT65	1	157	163	175	175	-9	-9	142	144	271	284	395	426	291	292	179	229	316	327	150	168	243	255	234	234
CT66	2	158	161	177	177	311	314	148	174	282	290	401	401	302	302	259	259	337	350	168	170	246	261	233	236
CT67	2	157	157	177	177	311	311	151	158	278	278	389	401	302	302	272	290	344	344	174	180	249	261	245	245
CT68	2	157	157	175	177	299	314	149	149	278	278	389	389	304	304	247	257	348	348	174	183	258	258	236	245
CT69	2	157	157	175	177	311	314	147	148	276	282	389	401	300	304	284	295	338	356	178	180	240	261	245	248
CT70	2	157	161	175	175	311	314	149	151	278	280	389	401	304	320	245	245	341	352	161	161	261	261	236	245
CT71	2	157	157	175	175	311	317	151	154	282	286	389	389	302	304	245	255	341	341	176	184	261	261	245	245
CT72	2	157	157	175	177	314	317	156	174	278	282	401	401	306	312	255	274	354	357	170	172	246	258	236	245
CT73	2	157	161	175	177	311	311	149	151	278	280	389	389	299	306	257	274	347	347	166	178	249	255	245	245
CT74	2	157	157	175	175	311	311	149	149	278	282	389	389	300	304	263	263	331	346	160	180	240	252	245	245
CT75	2	157	157	175	175	311	314	147	149	273	282	402	402	315	317	245	261	350	354	170	183	252	258	245	245
CT76	2	157	157	177	177	311	317	148	148	278	288	401	401	304	311	179	261	354	360	170	179	246	255	233	248
CT77	1	157	163	175	175	308	314	142	148	271	288	389	389	302	302	179	223	320	344	161	170	252	255	228	228
CT78	2	157	161	175	175	299	299	148	148	278	290	390	390	304	306	247	257	344	352	154	160	240	249	245	245
CT79	1	157	163	175	175	281	293	144	148	276	282	390	414	-9	-9	179	244	328	337	168	168	246	252	233	233
CT80	1	157	163	175	175	293	305	144	153	271	282	389	426	-9	-9	179	235	318	326	172	172	243	249	233	233
CT81	1	157	163	175	175	302	308	144	145	276	284	389	414	-9	-9	179	244	316	326	150	170	258	258	228	228
CT82	2	157	168	175	175	311	311	148	151	278	278	389	401	310	310	228	280	348	350	168	176	240	255	245	245
CT83	2	157	157	177	177	299	311	150	157	278	282	401	401	304	304	245	284	339	354	180	183	255	255	233	245
CT84	1	157	163	175	175	296	314	145	150	276	282	395	414	-9	-9	179	232	337	355	168	168	252	252	233	233
CT85	1	157	163	175	175	302	302	144	153	269	284	390	390	-9	-9	179	232	316	336	150	170	249	249	228	228
CT86	1	157	163	175	175	293	293	142	148	271	284	395	414	-9	-9	179	246	318	342	164	164	249	252	233	254
CT87	1	157	163	175	175	281	281	142	153	271	282	395	395	-9	-9	179	246	331	338	166	166	252	252	233	233
CT88	1	157	163	175	175	302	311	145	153	271	282	395	426	312	312	179	225	318	349	161	170	249	249	228	254
CT89	1	157	163	175	175	311	311	144	144	271	284	390	414	312	312	179	232	337	348	161	161	255	255	228	254
CT90	1	157	163	175	175	-9	-9	144	144	261	284	390	390	-9	-9	179	232	318	340	170	176	243	249	228	254
CT91	1	163	163	175	175	293	308	144	144	269	271	395	395	-9	-9	232	280	325	346	168	170	252	252	254	254
CT92	1	157	163	175	175	293	314	142	148	276	284	395	414	288	291	179	241	318	342	150	168	243	249	233	254
CT93	2	157	157	175	175	299	311	148	148	273	278	401	414	302	304	257	264	338	343	175	187	240	249	245	245
CT94	1	157	163	175	175	293	308	144	148	276	284	389	408	-9	-9	179	246	337	347	150	168	255	255	233	233
CT95	2	157	168	175	177	311	314	149	156	276	282	389	401	300	306	280	297	347	350	172	174	240	249	245	245
CT96	2	157	157	175	177	311	317	148	150	282	290	389	401	298	300	257	257	348	361	168	183	246	261	236	245
CT97	1	157	163	175	175	293	302	144	144	276	284	390	414	288	291	179	223	326	329	172	172	252	258	233	233
CT98	1	157	163	175	175	302	314	144	161	276	284	395	426	291	292	179	232	326	361	152	174	243	249	228	254
CT99	2	157	157	175	177	311	311	148	151	278	280	401	401	308	308	255	276	352	352	160	183	261	261	236	245
CT100	2	157	157	175	177	311	314	148	151	271	278	389	432	300	300	255	282	343	361	174	184	240	261	245	245
