		L18		Myrt3		P12-1		Pb7		Pb8		Pr1		Pb2		Pb4		Pb9		Po3		Po7		Po8			
OF01	1	157	162	175	175	-9	-9	145	153	269	282	-9	-9	-9	-9	-9	-9	-9	-9	-9	-9	-9	-9	-9	-9		
OF02b	1	157	162	175	175	-9	-9	145	161	269	282	-9	-9	-9	-9	179	223	-9	-9	174	176	246	246	233	254		
OF03	2	157	160	177	177	-9	-9	140	149	278	280	390	418	308	308	179	179	326	326	158	158	246	252	221	233		
OF04W1	3	157	162	175	177	-9	-9	153	155	269	280	-9	-9	312	312	179	221	344	350	156	156	246	252	242	254		
OF04W2	3	157	162	175	177	281	293	153	155	270	280	384	390	312	312	179	221	346	350	156	156	246	252	242	254		
OF04W3	3	157	162	175	175	293	302	142	142	269	280	390	427	-9	-9	179	225	338	356	156	176	244	252	228	254		
OF04W4	3	162	162	175	175	293	293	153	153	269	269	390	390	-9	-9	221	225	338	354	156	166	253	252	254	254		
OF04W5	3	162	188	175	175	293	293	142	153	269	269	390	390	-9	-9	221	225	346	352	156	166	253	252	254	254		
OF04W6	3	162	162	175	175	293	302	142	142	269	280	390	427	-9	-9	179	225	338	356	156	176	244	252	228	254		
OF05B	2	157	157	175	177	-9	-9	142	154	261	280	403	403	308	308	-9	-9	342	350	160	170	244	246	228	228		
OF06B	1	157	162	175	175	-9	-9	145	161	273	280	390	403	-9	-9	179	242	344	354	156	184	246	246	228	254		
OF07	1	157	162	175	175	-9	-9	145	153	269	282	418	418	-9	-9	179	244	338	354	164	164	246	246	228	254		
OF08B	2	157	158	177	179	-9	-9	147	155	280	280	384	384	300	308	220	243	348	350	158	158	240	249	222	236		
OF09B	1	157	162	175	175	-9	-9	145	153	269	282	390	390	-9	-9	179	223	342	344	164	176	246	252	230	254		
OF10B	2	157	157	177	177	-9	-9	156	177	277	277	384	384	306	314	179	230	326	350	156	156	240	246	221	233		
OF11	1	157	162	175	177	-9	-9	145	153	271	280	390	418	-9	-9	179	238	348	354	162	170	256	255	228	254		
OF110	1	157	162	175	175	302	308	142	147	270	284	389	389	-9	-9	179	235	-9	-9	168	170	256	255	228	228		
OF12B	1	157	162	175	175	-9	-9	145	159	269	280	-9	-9	-9	-9	179	229	-9	-9	162	168	256	255	228	254		
OF13	1	157	162	-9	-9	-9	-9	145	153	269	280	-9	-9	-9	-9	179	231	-9	-9	163	169	255	255	230	257		
OF14	1	157	162	175	175	-9	-9	142	145	269	284	-9	-9	-9	-9	277	277	342	350	161	172	252	255	228	254		
OF15	1	-9	-9	175	175	293	308	142	145	-9	-9	-9	-9	327	327	179	229	347	352	161	179	252	255	230	254		
OF16	1	157	162	175	175	293	302	145	153	269	284	389	389	321	321	179	221	348	352	160	160	243	246	228	254		
OF17b	1	157	162	175	175	293	302	145	153	271	284	-9	-9	281	281	179	235	346	354	168	187	246	252	228	254		
OF18	1	157	162	175	175	302	308	145	155	271	284	-9	-9	-9	-9	179	244	346	350	161	168	246	255	231	254		
OF19	2	157	157	177	177	311	314	143	143	262	262	-9	-9	-9	-9	181	235	338	342	-9	-9	240	252	222	245		
OF20	2	-9	-9	177	177	293	293	152	162	-9	-9	-9	-9	-9	-9	179	181	348	352	-9	-9	240	246	219	228		
OF21	1	157	162	175	175	293	302	142	153	271	284	-9	-9	-9	-9	179	242	337	346	164	170	243	252	228	254		
OF22	2	157	157	177	177	305	311	149	163	271	282	376	426	304	312	230	244	334	347	156	168	246	255	228	245		
OF23	2	157	172	177	177	284	299	147	149	262	280	382	401	302	308	237	244	340	357	158	183	246	246	222	233		
OF24	2	157	157	177	179	299	318	147	149	262	265	-9	-9	-9	-9	179	214	334	344	168	170	240	246	230	251		
OF25b	2	157	157	175	177	308	311	149	163	278	286	383	392	310	324	179	219	326	342	164	168	240	261	222	233		
OF26b	2	157	157	177	177	305	311	156	172	273	278	382	382	294	299	179	248	326	337	154	158	-9	-9	254	254		
OF27	2	157	157	177	179	311	311	147	149	278	284	382	382	299	304	235	247	330	334	168	172	240	249	230	233		
OF28	1	-9	-9	175	175	293	305	-9	-9	-9	-9	-9	-9	-9	-9	179	179	338	354	-9	-9	246	252	230	254		
OF29b	1	157	162	175	175	293	302	142	153	271	282	390	390	325	327	179	222	348	350	160	160	246	252	228	254		
OF30b	1	157	162	175	175	293	302	145	153	269	284	389	389	-9	-9	179	242	334	353	156	168	252	261	228	254		
OF31b	1	157	162	175	175	293	302	142	145	269	282	390	390	283	318	179	223	348	354	161	161	252	255	228	254		
OF32b	1	157	162	175	175	293	293	145	153	271	284	390	390	-9	-9	179	229	348	354	156	172	258	267	228	254		
OF33	1	157	162	175	175	293	302	145	153	271	284	390	390	-9	-9	179	245	336	340	161	166	246	252	228	254		
OF36	1	157	162	175	175	293	302	142	145	271	284	390	390	-9	-9	179	210	347	352	160	176	246	255	228	254		
OF38	1	157	162	175	175	293	302	142	145	271	282	390	426	-9	-9	179	235	352	352	156	170	252	255	228	254		
OF39	1	157	162	175	175	293	302	145	153	271	282	390	390	-9	-9	179	223	338	354	166	170	243	252	228	254		
OF40	1	157	162	175	175	293	305	142	145	273	286	390	390	-9	-9	179	244	340	350	156	166	252	255	228	254		
OF42	1	157	162	175	175	293	302	145	153	269	282	389	426	304	324	179	223	346	348	161	170	243	252	230	254		
OF43	1	157	162	175	175	293	302	142	153	269	284	390	390	-9	-9	179	242	338	352	161	170	252	255	233	254		
OF45	2	157	157	177	183	293	321	144	158	273	284	378	396	-9	-9	233	240	334	338	154	166	249	255	222	222		
OF46	1	157	162	175	175	293	296	142	145	269	282	390	426	-9	-9	179	179	350	358	162	183	243	255	230	254		
OF47	1	-9	-9	175	175	293	293	145	153	-9	-9	390	427	-9	-9	179	223	336	358	166	176	252	258	228	254		
OF48	1	157	162	175	175	293	302	142	161	271	282	389	389	328	328	179	235	342	356	168	170	252	255	228	254		
OF50	1	157	162	175	175	293	302	142	142	269	284	390	390	-9	-9	179	221	338	350	156	161	246	258	228	254		
OF51	1	-9	-9	175	175	293	303	142	145	-9	-9	378	427	-9	-9	179	179	347	350	-9	-9	246	255	228	254		
OF52	2	157	157	177	179	305	311	141	152	278	286	389	403	294	302	220	249	327	332	154	156	240	246	222	245		
OF53	1	157	162	175	175	293	302	145	161	271	284	390	439	-9	-9	179	244	340	354	166	166	255	264	228	254		
OF54	2	157	157	177	177	293	318	150	172	288	290	-9	-9	-9	-9	179	216	-9	-9	162	172	261	261	230	254		
OF55	2	157	157	177	177	314	326	149	155	276	278	382	389	293	293	263	265	318	338	154	170	240	258	222	222		
OF56	1	157	162	175	175	293	293	142	145	271	282	389	426	-9	-9	179	229	348	360	168	168	243	252	228	254		
OF57	1	157	162	175	175	293	302	145	163	271	282	389	426	281	283	179	223	340	354	160	160	252	255	228	254		
OF60	2	157	157	177	181	296	311	147	168	265	286	389	402	296	308	216	220	335	354	156	160	240	240	219	228		
OF61	2	157	157	175	177	311	311	162	169	280	280	389	389	308	308	214	250	334	334	170	174	240	240	228	230		
OF62	1	157	162	175	175	293	293	145	161	269	282	389	426	-9	-9	179	179	340	352	162	162	246	255	228	254		
OF63	2	157	157	177	177	317	317	149	155	262	282	382	388	294	294	229	264	334	350	154	172	258	261	219	222		
OF64	2	157	157	177	177	311	311	142	152	286	288	400	400	-9	-9	229	267	-9	-9	160	168	231	249	254	254		
OF65	2	-9	-9	-9	-9	-9	-9	152	152	-9	-9	390	390	-9	-9	179	223	346	358	161	161	240	240	233	254		
OF67	1	157	162	175	175	293	305	145	153	269	282	389	439	296	317	179	220	334	334	154	156	240	243	233	233		
OF68	2	157	157	177	177	314	317	149	156	278	278	370	370	306	306	248	252	344	347	152	158	249	249	222	245		
OF69	2	157	158	175	177	293	311	155	156	276	294	382	382	294	308	179	259	332	352	156	160	240	255	228	236		
OF70	2	158	158	177	179	302	318	151	163	263	280	370	401	-9	-9	179	223	346	354	161	172	258	258	233	254		
OF71	1	157	162	175	175	293	305	142	142	270	284	390	390	-9	-9	237	247	341	341	150	154	261	261	222	245		
OF72b	2	158	158	177	177	299	318	149	155	264	272	383	383	-9	-9	238	250	-9	-9	-9	-9	244	244	-9	-9		
OF73	1	-9	-9	175	175	-9	-9	-9	-9	-9	-9	390	465	-9	-9	179	225	348	362	164	170	252	255	228	254		
OF74	1	157	162	175	175	293	302	142	144	270	284	390	390	-9	-9	179	221	344	344	160	164	243	252	228	254		
OF75	1	157	162	175	177	-9	-9	142	147	272	282	390	390	-9	-9	179	223	337	337	158	160	243	255	228	254		
OF76	1	-9	-9	175	175	293	302	142	145	-9	-9	390	427	-9	-9	179	233	-9	-9	-9	-9	255	255	228	254		
OF77	1	157	162	175	175	293	302	142	147	270	286	390	390	285	285	179	202	350	355	168	168	243	243	228	254		
OF78	1	157	162	175	175	281	281	142	147	274	282	390	390	-9	-9	179	225	340	352	164	164	255	255	228	254		
OF79	1	157	162	175	175	293	302	147	153	270	284	390	439	-9	-9	179	223	337	337	164	172	255	255	228	254		
OF80	1	157	162	175	175	293	302	147	153	270	282	390	433	-9	-9	179	244	340	340	-9	-9	243	252	230	254		
OF81	1	157	162	175	175	302	311	147	153	272	284	390	439	294	299	179	211	342	342	158	166	252	261	222	231		
OF82	2	157	157	177	177	311	311	152	155	282	292	370	401	-9	-9	179	225	338	356	-9	-9	255	255	228	254		
OF83	1	157	162	175	175	293	314	147	153	270	282	390	390	283	313	179	179	339	343	154	168	246	249	222	230		
OF84	2	157	158	177	177	299	318	143	150	263	282	382	394	-9	-9	233	247	-9	-9	150	164	249	258	225	254		
OF85	2	158	158	177	177	299	299	150	150	274	274	383	383	308	316	179	225	326	328	150	164	246	246	228	254		
OF87	1	-9	-9	-9	-9	-9	-9	-9	-9	-9	-9	-9	-9	-9	-9	179	244	348	352	168	168	255	255	228	254		
OF88	1	157	162	175	175	305	311	147	153	272	284	389	439	-9	-9	179	223	346	356	166	166	258	258	228	254		
OF89	1	157	162	175	175	305	308	147	153	270	282	390	390	299	300	235	252	332	332	152	174	240	249	245	245		
OF90	2	158	162	177	177	293	330	149	163	278	280	390	390	299	300	179	235	338	350	164	164	258	258	228	254		
OF91	1	157	162	175	175	293	302	142	147	272	282	389	427	-9	-9	179	236	346	346	164	164	243	243	228	254		
OF92	1	157	162	175	177	293	305	147	153	270	284	390	390	-9	-9	179	223	-9	-9	164	168	246	252	230	254		
OF93	1	157	162	175	175	293	302	142	153	270	284	390	390	-9	-9	179	248	338	362	-9	-9	246	252	228	254		
OF94	1	157	162	175	175	302	308	147	153	272	284	390	390	-9	-9	179	229	334	336	160	164	255	255	228	254		
OF96	1	157	162	175	175	293	302	142	147	270	286	390	427	281	281	179	223	-9	-9	166	166	255	255	228	254		
OF97	1	157	162	175	175	293	299	142	147	272	282	390	390	278	281	179	235	352	354	164	164	255	255	228	254		
OF98	1	157	162	175	175	293	305	147	161	272	284	390	390	-9	-9	179	244	332	350	166	166	255	255	228	254		
OF100	1	157	162	175	175	293	308	142	153	270	284	389	427	-9	-9	179	245	340	350	170	170	255	255	228	254		
OF102	2	158	160	175	175	314	321	141	141	282	282	383	402	-9	-9	179	260	342	342	152	152	243	246	230	233		
OF103	1	157	162	175	175	302	308	142	142	272	284	390	427	-9	-9	179	241	347	350	-9	-9	243	243	228	254		
OF104w1	1	157	162	175	175	293	296	147	153	270	284	389	427	-9	-9	179	235	346	356	161	168	243	243	228	254		
OF105	1	157	162	175	175	293	293	142	147	270	282	390	427	-9	-9	179	235	347	350	161	176	246	252	228	254		
OF106	1	-9	-9	175	175	293	302	145	153	-9	-9	390	390	-9	-9	179	233	336	352	162	197	243	252	228	254		
OF107	2	-9	-9	177	179	314	317	144	160	-9	-9	390	390	299	300	179	213	341	344	166	166	240	246	-9	-9		
OF108	2	157	158	177	177	317	323	144	149	263	280	383	420	294	296	211	233	324	342	154	156	249	255	-9	-9		
OF109	2	157	158	177	179	299	311	150	150	263	274	382	389	306	310	179	249	334	334	158	158	240	261	-9	-9		
